1
2
3
4
5
6
7
8
9
10
100
50
101
51
102
52
53
103
54
104
105
55
106
56
107
57
58
108
59
109
110
60
111
61
112
62
63
113
64
114
115
65
116
66
117
67
68
118
69
119
120
70
121
122
123
124
125
126
127
128
129
130
131
132
133
134
135
136
137
138
139
140
141
142
143
144
145
146
147
148
149
150
151
152
153
154
155
156
157
158
159
160
161
162
163
164
165
166
167
168
169
170
171
172
173
174
175
176
177
178
179
180
181
182
183
184
185
186
187
188
189
190
191
192
193
194
195
196
197
198
199
200




























































































































































































































































































































































































