1
2
3
4
5
6
7
8
9
10
200
100
201
101
52
102
202
53
103
203
54
104
204
205
105
206
106
57
107
207
58
108
208
59
109
209
210
110
211
111
62
112
212
63
113
213
64
114
214
215
115
216
116
67
117
217
68
118
218
69
119
219
220
120
221
121
222
122
223
123
124
224
225
125
226
126
227
127
228
128
129
229
230
130
231
131
232
132
233
133
134
234
235
135
236
136
237
137
238
138
139
239
240
140
241
141
242
142
243
143
144
244
245
145
246
146
247
147
248
148
149
249
250
150
251
252
253
254
255
256
257
258
259
260
261
262
263
264
265
266
267
268
269
270
271
272
273
274
275
276
277
278
279
280
281
282
283
284
285
286
287
288
289
290
291
292
293
294
295
296
297
298
299
300


















































































































































































































































































































































