p1.xsm
512
24





sorteven.xsm
512
29





p2.xsm
512
26





p3.xsm
512
28





p4.xsm
512
32





p5.xsm
512
34





p6.xsm
512
36





p7.xsm
512
38





p8.xsm
512
40





p9.xsm
512
42





p10.xsm
512
44





p11.xsm
512
46





p12.xsm
512
48





p13.xsm
512
50





p14.xsm
512
52





p15.xsm
512
54





p16.xsm
512
56





p17.xsm
512
58





p18.xsm
512
60





p19.xsm
512
62





p20.xsm
512
64





p21.xsm
512
66





p22.xsm
512
68





1.dat
512
70





2.dat
512
72





3.dat
512
74





pqra
512
76





-1
0
-1





-1
0
-1





-1
0
-1





-1
0
-1





-1
0
-1





-1
0
-1





-1
0
-1





-1
0
-1





-1
0
-1





-1
0
-1





-1
0
-1





-1
0
-1





-1
0
-1





-1
0
-1





-1
0
-1





-1
0
-1





-1
0
-1





-1
0
-1





sample.xsm
512
136





sortodd.xsm
512
138





msort.xsm
1024
140





-1
0
-1





-1
0
-1





-1
0
-1





-1
0
-1





-1
0
-1





-1
0
-1





-1
0
-1





-1
0
-1





-1
0
-1





-1
0
-1





-1
0
-1





-1
0
-1





-1
0
-1





-1
0
-1





-1
0
-1





-1
0
-1





