0
1
2
3
4
5
6
7
8
9
10
11
12
13
14
15
20
50
100
21
51
22
52
23
53
101
24
54
25
55
26
56
102
27
57
28
58
29
59
103
30
60
31
61
32
62
104
33
63
34
64
35
65
105
36
66
37
67
38
68
106
39
69
40
70
71
107
72
73
74
108
75
109
110
111
112
113
114
115
116
117
118
119













































































































































































































































































































































































































































